3.64000e+02 5.73000e+02 1.00000e+00 0.00000e+00 0.00000e+00 0.00000e+00 -2.55164e+05 -4.01673e+05
0.00000e+00 0.00000e+00 0.00000e+00 3.64000e+02 5.73000e+02 1.00000e+00 -2.09300e+05 -3.29475e+05
3.87000e+02 5.71000e+02 1.00000e+00 0.00000e+00 0.00000e+00 0.00000e+00 -2.79801e+05 -4.12833e+05
0.00000e+00 0.00000e+00 0.00000e+00 3.87000e+02 5.71000e+02 1.00000e+00 -2.21751e+05 -3.27183e+05
3.62000e+02 5.86000e+02 1.00000e+00 0.00000e+00 0.00000e+00 0.00000e+00 -2.53038e+05 -4.09614e+05
0.00000e+00 0.00000e+00 0.00000e+00 3.62000e+02 5.86000e+02 1.00000e+00 -2.12132e+05 -3.43396e+05
3.89000e+02 5.85000e+02 1.00000e+00 0.00000e+00 0.00000e+00 0.00000e+00 -2.81247e+05 -4.22955e+05
0.00000e+00 0.00000e+00 0.00000e+00 3.89000e+02 5.85000e+02 1.00000e+00 -2.27176e+05 -3.41640e+05
4.25000e+02 8.01000e+02 1.00000e+00 0.00000e+00 0.00000e+00 0.00000e+00 -3.24275e+05 -6.11163e+05
0.00000e+00 0.00000e+00 0.00000e+00 4.25000e+02 8.01000e+02 1.00000e+00 -3.40850e+05 -6.42402e+05
4.65000e+02 7.75000e+02 1.00000e+00 0.00000e+00 0.00000e+00 0.00000e+00 -3.73395e+05 -6.22325e+05
0.00000e+00 0.00000e+00 0.00000e+00 4.65000e+02 7.75000e+02 1.00000e+00 -3.61770e+05 -6.02950e+05
4.25000e+02 7.81000e+02 1.00000e+00 0.00000e+00 0.00000e+00 0.00000e+00 -3.24275e+05 -5.95903e+05
0.00000e+00 0.00000e+00 0.00000e+00 4.25000e+02 7.81000e+02 1.00000e+00 -3.31925e+05 -6.09961e+05
4.67000e+02 7.95000e+02 1.00000e+00 0.00000e+00 0.00000e+00 0.00000e+00 -3.75468e+05 -6.39180e+05
0.00000e+00 0.00000e+00 0.00000e+00 4.67000e+02 7.95000e+02 1.00000e+00 -3.72666e+05 -6.34410e+05
7.72000e+02 7.98000e+02 1.00000e+00 0.00000e+00 0.00000e+00 0.00000e+00 -8.80080e+05 -9.09720e+05
0.00000e+00 0.00000e+00 0.00000e+00 7.72000e+02 7.98000e+02 1.00000e+00 -6.42304e+05 -6.63936e+05
8.02000e+02 7.29000e+02 1.00000e+00 0.00000e+00 0.00000e+00 0.00000e+00 -9.43152e+05 -8.57304e+05
0.00000e+00 0.00000e+00 0.00000e+00 8.02000e+02 7.29000e+02 1.00000e+00 -6.08718e+05 -5.53311e+05
8.15000e+02 6.17000e+02 1.00000e+00 0.00000e+00 0.00000e+00 0.00000e+00 -9.69850e+05 -7.34230e+05
0.00000e+00 0.00000e+00 0.00000e+00 8.15000e+02 6.17000e+02 1.00000e+00 -5.15895e+05 -3.90561e+05
7.44000e+02 6.07000e+02 1.00000e+00 0.00000e+00 0.00000e+00 0.00000e+00 -8.19888e+05 -6.68914e+05
0.00000e+00 0.00000e+00 0.00000e+00 7.44000e+02 6.07000e+02 1.00000e+00 -4.61280e+05 -3.76340e+05
7.72000e+02 6.09000e+02 1.00000e+00 0.00000e+00 0.00000e+00 0.00000e+00 -8.76220e+05 -6.91215e+05
0.00000e+00 0.00000e+00 0.00000e+00 7.72000e+02 6.09000e+02 1.00000e+00 -4.80956e+05 -3.79407e+05
8.73000e+02 5.40000e+02 1.00000e+00 0.00000e+00 0.00000e+00 0.00000e+00 -1.10173e+06 -6.81480e+05
0.00000e+00 0.00000e+00 0.00000e+00 8.73000e+02 5.40000e+02 1.00000e+00 -4.77531e+05 -2.95380e+05
1.61000e+02 8.31000e+02 1.00000e+00 0.00000e+00 0.00000e+00 0.00000e+00 -8.48470e+04 -4.37937e+05
0.00000e+00 0.00000e+00 0.00000e+00 1.61000e+02 8.31000e+02 1.00000e+00 -1.30088e+05 -6.71448e+05
4.40000e+01 7.08000e+02 1.00000e+00 0.00000e+00 0.00000e+00 0.00000e+00 -1.90520e+04 -3.06564e+05
0.00000e+00 0.00000e+00 0.00000e+00 4.40000e+01 7.08000e+02 1.00000e+00 -3.03160e+04 -4.87812e+05
4.70000e+01 6.40000e+02 1.00000e+00 0.00000e+00 0.00000e+00 0.00000e+00 -2.03510e+04 -2.77120e+05
0.00000e+00 0.00000e+00 0.00000e+00 4.70000e+01 6.40000e+02 1.00000e+00 -2.95160e+04 -4.01920e+05
1.77000e+02 5.63000e+02 1.00000e+00 0.00000e+00 0.00000e+00 0.00000e+00 -9.50490e+04 -3.02331e+05
0.00000e+00 0.00000e+00 0.00000e+00 1.77000e+02 5.63000e+02 1.00000e+00 -9.94740e+04 -3.16406e+05
4.09000e+02 5.21000e+02 1.00000e+00 0.00000e+00 0.00000e+00 0.00000e+00 -3.03478e+05 -3.86582e+05
0.00000e+00 0.00000e+00 0.00000e+00 4.09000e+02 5.21000e+02 1.00000e+00 -2.15134e+05 -2.74046e+05
9.90000e+01 5.43000e+02 1.00000e+00 0.00000e+00 0.00000e+00 0.00000e+00 -4.68270e+04 -2.56839e+05
0.00000e+00 0.00000e+00 0.00000e+00 9.90000e+01 5.43000e+02 1.00000e+00 -5.37570e+04 -2.94849e+05
4.47000e+02 5.59000e+02 1.00000e+00 0.00000e+00 0.00000e+00 0.00000e+00 -3.47766e+05 -4.34902e+05
0.00000e+00 0.00000e+00 0.00000e+00 4.47000e+02 5.59000e+02 1.00000e+00 -2.51214e+05 -3.14158e+05
4.62000e+02 5.58000e+02 1.00000e+00 0.00000e+00 0.00000e+00 0.00000e+00 -3.67290e+05 -4.43610e+05
0.00000e+00 0.00000e+00 0.00000e+00 4.62000e+02 5.58000e+02 1.00000e+00 -2.59182e+05 -3.13038e+05
