7.01000e+02
5.75000e+02
7.23000e+02
5.73000e+02
6.99000e+02
5.86000e+02
7.23000e+02
5.84000e+02
7.63000e+02
8.02000e+02
8.03000e+02
7.78000e+02
7.63000e+02
7.81000e+02
8.04000e+02
7.98000e+02
1.14000e+03
8.32000e+02
1.17600e+03
7.59000e+02
1.19000e+03
6.33000e+02
1.10200e+03
6.20000e+02
1.13500e+03
6.23000e+02
1.26200e+03
5.47000e+02
5.27000e+02
8.08000e+02
4.33000e+02
6.89000e+02
4.33000e+02
6.28000e+02
5.37000e+02
5.62000e+02
7.42000e+02
5.26000e+02
4.73000e+02
5.43000e+02
7.78000e+02
5.62000e+02
7.95000e+02
5.61000e+02
