6.70000e+01 5.10000e+02 1.00000e+00 0.00000e+00 0.00000e+00 0.00000e+00 -1.93630e+04 -1.47390e+05
0.00000e+00 0.00000e+00 0.00000e+00 6.70000e+01 5.10000e+02 1.00000e+00 -3.39690e+04 -2.58570e+05
4.00000e+00 4.67000e+02 1.00000e+00 0.00000e+00 0.00000e+00 0.00000e+00 -9.48000e+02 -1.10679e+05
0.00000e+00 0.00000e+00 0.00000e+00 4.00000e+00 4.67000e+02 1.00000e+00 -1.87600e+03 -2.19023e+05
2.65000e+02 4.67000e+02 1.00000e+00 0.00000e+00 0.00000e+00 0.00000e+00 -1.22960e+05 -2.16688e+05
0.00000e+00 0.00000e+00 0.00000e+00 2.65000e+02 4.67000e+02 1.00000e+00 -1.24285e+05 -2.19023e+05
2.35000e+02 5.02000e+02 1.00000e+00 0.00000e+00 0.00000e+00 0.00000e+00 -1.02695e+05 -2.19374e+05
0.00000e+00 0.00000e+00 0.00000e+00 2.35000e+02 5.02000e+02 1.00000e+00 -1.17970e+05 -2.52004e+05
3.38000e+02 4.53000e+02 1.00000e+00 0.00000e+00 0.00000e+00 0.00000e+00 -1.79478e+05 -2.40543e+05
0.00000e+00 0.00000e+00 0.00000e+00 3.38000e+02 4.53000e+02 1.00000e+00 -1.53790e+05 -2.06115e+05
4.42000e+02 3.53000e+02 1.00000e+00 0.00000e+00 0.00000e+00 0.00000e+00 -2.78018e+05 -2.22037e+05
0.00000e+00 0.00000e+00 0.00000e+00 4.42000e+02 3.53000e+02 1.00000e+00 -1.57794e+05 -1.26021e+05
4.25000e+02 3.76000e+02 1.00000e+00 0.00000e+00 0.00000e+00 0.00000e+00 -2.60100e+05 -2.30112e+05
0.00000e+00 0.00000e+00 0.00000e+00 4.25000e+02 3.76000e+02 1.00000e+00 -1.61500e+05 -1.42880e+05
5.10000e+01 5.41000e+02 1.00000e+00 0.00000e+00 0.00000e+00 0.00000e+00 -1.40250e+04 -1.48775e+05
0.00000e+00 0.00000e+00 0.00000e+00 5.10000e+01 5.41000e+02 1.00000e+00 -2.73360e+04 -2.89976e+05
4.90000e+01 5.69000e+02 1.00000e+00 0.00000e+00 0.00000e+00 0.00000e+00 -1.33770e+04 -1.55337e+05
0.00000e+00 0.00000e+00 0.00000e+00 4.90000e+01 5.69000e+02 1.00000e+00 -2.74890e+04 -3.19209e+05
4.60000e+01 5.97000e+02 1.00000e+00 0.00000e+00 0.00000e+00 0.00000e+00 -1.24660e+04 -1.61787e+05
0.00000e+00 0.00000e+00 0.00000e+00 4.60000e+01 5.97000e+02 1.00000e+00 -2.70480e+04 -3.51036e+05
4.30000e+01 6.25000e+02 1.00000e+00 0.00000e+00 0.00000e+00 0.00000e+00 -1.15670e+04 -1.68125e+05
0.00000e+00 0.00000e+00 0.00000e+00 4.30000e+01 6.25000e+02 1.00000e+00 -2.63590e+04 -3.83125e+05
3.70000e+01 5.42000e+02 1.00000e+00 0.00000e+00 0.00000e+00 0.00000e+00 -9.76800e+03 -1.43088e+05
0.00000e+00 0.00000e+00 0.00000e+00 3.70000e+01 5.42000e+02 1.00000e+00 -1.98320e+04 -2.90512e+05
2.00000e+01 5.41000e+02 1.00000e+00 0.00000e+00 0.00000e+00 0.00000e+00 -4.98000e+03 -1.34709e+05
0.00000e+00 0.00000e+00 0.00000e+00 2.00000e+01 5.41000e+02 1.00000e+00 -1.07000e+04 -2.89435e+05
2.60000e+01 5.14000e+02 1.00000e+00 0.00000e+00 0.00000e+00 0.00000e+00 -6.63000e+03 -1.31070e+05
0.00000e+00 0.00000e+00 0.00000e+00 2.60000e+01 5.14000e+02 1.00000e+00 -1.33120e+04 -2.63168e+05
1.60000e+01 6.24000e+02 1.00000e+00 0.00000e+00 0.00000e+00 0.00000e+00 -3.93600e+03 -1.53504e+05
0.00000e+00 0.00000e+00 0.00000e+00 1.60000e+01 6.24000e+02 1.00000e+00 -9.79200e+03 -3.81888e+05
1.60000e+02 6.14000e+02 1.00000e+00 0.00000e+00 0.00000e+00 0.00000e+00 -5.93600e+04 -2.27794e+05
0.00000e+00 0.00000e+00 0.00000e+00 1.60000e+02 6.14000e+02 1.00000e+00 -9.69600e+04 -3.72084e+05
1.45000e+02 7.11000e+02 1.00000e+00 0.00000e+00 0.00000e+00 0.00000e+00 -5.16200e+04 -2.53116e+05
0.00000e+00 0.00000e+00 0.00000e+00 1.45000e+02 7.11000e+02 1.00000e+00 -1.00775e+05 -4.94145e+05
9.00000e+01 5.42000e+02 1.00000e+00 0.00000e+00 0.00000e+00 0.00000e+00 -2.77200e+04 -1.66936e+05
0.00000e+00 0.00000e+00 0.00000e+00 9.00000e+01 5.42000e+02 1.00000e+00 -4.83300e+04 -2.91054e+05
8.50000e+01 6.00000e+02 1.00000e+00 0.00000e+00 0.00000e+00 0.00000e+00 -2.58400e+04 -1.82400e+05
0.00000e+00 0.00000e+00 0.00000e+00 8.50000e+01 6.00000e+02 1.00000e+00 -5.02350e+04 -3.54600e+05
9.50000e+01 6.32000e+02 1.00000e+00 0.00000e+00 0.00000e+00 0.00000e+00 -2.97350e+04 -1.97816e+05
0.00000e+00 0.00000e+00 0.00000e+00 9.50000e+01 6.32000e+02 1.00000e+00 -5.90900e+04 -3.93104e+05
4.88000e+02 8.70000e+02 1.00000e+00 0.00000e+00 0.00000e+00 0.00000e+00 -3.31352e+05 -5.90730e+05
0.00000e+00 0.00000e+00 0.00000e+00 4.88000e+02 8.70000e+02 1.00000e+00 -4.21632e+05 -7.51680e+05
4.65000e+02 8.87000e+02 1.00000e+00 0.00000e+00 0.00000e+00 0.00000e+00 -3.05505e+05 -5.82759e+05
0.00000e+00 0.00000e+00 0.00000e+00 4.65000e+02 8.87000e+02 1.00000e+00 -4.08270e+05 -7.78786e+05
6.02000e+02 8.98000e+02 1.00000e+00 0.00000e+00 0.00000e+00 0.00000e+00 -4.76784e+05 -7.11216e+05
0.00000e+00 0.00000e+00 0.00000e+00 6.02000e+02 8.98000e+02 1.00000e+00 -5.42402e+05 -8.09098e+05
6.84000e+02 8.86000e+02 1.00000e+00 0.00000e+00 0.00000e+00 0.00000e+00 -5.96448e+05 -7.72592e+05
0.00000e+00 0.00000e+00 0.00000e+00 6.84000e+02 8.86000e+02 1.00000e+00 -6.11496e+05 -7.92084e+05
3.69000e+02 4.56000e+02 1.00000e+00 0.00000e+00 0.00000e+00 0.00000e+00 -2.06640e+05 -2.55360e+05
0.00000e+00 0.00000e+00 0.00000e+00 3.69000e+02 4.56000e+02 1.00000e+00 -1.69002e+05 -2.08848e+05
4.96000e+02 4.62000e+02 1.00000e+00 0.00000e+00 0.00000e+00 0.00000e+00 -3.37280e+05 -3.14160e+05
0.00000e+00 0.00000e+00 0.00000e+00 4.96000e+02 4.62000e+02 1.00000e+00 -2.29648e+05 -2.13906e+05
4.85000e+02 4.79000e+02 1.00000e+00 0.00000e+00 0.00000e+00 0.00000e+00 -3.24465e+05 -3.20451e+05
0.00000e+00 0.00000e+00 0.00000e+00 4.85000e+02 4.79000e+02 1.00000e+00 -2.32800e+05 -2.29920e+05
5.22000e+02 4.80000e+02 1.00000e+00 0.00000e+00 0.00000e+00 0.00000e+00 -3.68010e+05 -3.38400e+05
0.00000e+00 0.00000e+00 0.00000e+00 5.22000e+02 4.80000e+02 1.00000e+00 -2.51082e+05 -2.30880e+05
5.10000e+02 4.62000e+02 1.00000e+00 0.00000e+00 0.00000e+00 0.00000e+00 -3.53940e+05 -3.20628e+05
0.00000e+00 0.00000e+00 0.00000e+00 5.10000e+02 4.62000e+02 1.00000e+00 -2.36640e+05 -2.14368e+05
5.77000e+02 5.16000e+02 1.00000e+00 0.00000e+00 0.00000e+00 0.00000e+00 -4.38520e+05 -3.92160e+05
0.00000e+00 0.00000e+00 0.00000e+00 5.77000e+02 5.16000e+02 1.00000e+00 -2.98309e+05 -2.66772e+05
5.66000e+02 4.98000e+02 1.00000e+00 0.00000e+00 0.00000e+00 0.00000e+00 -4.23368e+05 -3.72504e+05
0.00000e+00 0.00000e+00 0.00000e+00 5.66000e+02 4.98000e+02 1.00000e+00 -2.82434e+05 -2.48502e+05
6.33000e+02 4.64000e+02 1.00000e+00 0.00000e+00 0.00000e+00 0.00000e+00 -5.17161e+05 -3.79088e+05
0.00000e+00 0.00000e+00 0.00000e+00 6.33000e+02 4.64000e+02 1.00000e+00 -2.94345e+05 -2.15760e+05
6.21000e+02 4.81000e+02 1.00000e+00 0.00000e+00 0.00000e+00 0.00000e+00 -4.99905e+05 -3.87205e+05
0.00000e+00 0.00000e+00 0.00000e+00 6.21000e+02 4.81000e+02 1.00000e+00 -2.99322e+05 -2.31842e+05
6.08000e+02 5.17000e+02 1.00000e+00 0.00000e+00 0.00000e+00 0.00000e+00 -4.81536e+05 -4.09464e+05
0.00000e+00 0.00000e+00 0.00000e+00 6.08000e+02 5.17000e+02 1.00000e+00 -3.14944e+05 -2.67806e+05
5.97000e+02 4.98000e+02 1.00000e+00 0.00000e+00 0.00000e+00 0.00000e+00 -4.65063e+05 -3.87942e+05
0.00000e+00 0.00000e+00 0.00000e+00 5.97000e+02 4.98000e+02 1.00000e+00 -2.98500e+05 -2.49000e+05
6.33000e+02 5.17000e+02 1.00000e+00 0.00000e+00 0.00000e+00 0.00000e+00 -5.17161e+05 -4.22389e+05
0.00000e+00 0.00000e+00 0.00000e+00 6.33000e+02 5.17000e+02 1.00000e+00 -3.28527e+05 -2.68323e+05
6.22000e+02 4.99000e+02 1.00000e+00 0.00000e+00 0.00000e+00 0.00000e+00 -5.00710e+05 -4.01695e+05
0.00000e+00 0.00000e+00 0.00000e+00 6.22000e+02 4.99000e+02 1.00000e+00 -3.11622e+05 -2.49999e+05
6.88000e+02 4.82000e+02 1.00000e+00 0.00000e+00 0.00000e+00 0.00000e+00 -6.02688e+05 -4.22232e+05
0.00000e+00 0.00000e+00 0.00000e+00 6.88000e+02 4.82000e+02 1.00000e+00 -3.32992e+05 -2.33288e+05
6.76000e+02 4.66000e+02 1.00000e+00 0.00000e+00 0.00000e+00 0.00000e+00 -5.83388e+05 -4.02158e+05
0.00000e+00 0.00000e+00 0.00000e+00 6.76000e+02 4.66000e+02 1.00000e+00 -3.15692e+05 -2.17622e+05
6.88000e+02 5.00000e+02 1.00000e+00 0.00000e+00 0.00000e+00 0.00000e+00 -6.02000e+05 -4.37500e+05
0.00000e+00 0.00000e+00 0.00000e+00 6.88000e+02 5.00000e+02 1.00000e+00 -3.45376e+05 -2.51000e+05
7.73000e+02 4.39000e+02 1.00000e+00 0.00000e+00 0.00000e+00 0.00000e+00 -7.48264e+05 -4.24952e+05
0.00000e+00 0.00000e+00 0.00000e+00 7.73000e+02 4.39000e+02 1.00000e+00 -3.39347e+05 -1.92721e+05
8.00000e+02 4.31000e+02 1.00000e+00 0.00000e+00 0.00000e+00 0.00000e+00 -7.97600e+05 -4.29707e+05
0.00000e+00 0.00000e+00 0.00000e+00 8.00000e+02 4.31000e+02 1.00000e+00 -3.45600e+05 -1.86192e+05
6.95000e+02 4.47000e+02 1.00000e+00 0.00000e+00 0.00000e+00 0.00000e+00 -6.14380e+05 -3.95148e+05
0.00000e+00 0.00000e+00 0.00000e+00 6.95000e+02 4.47000e+02 1.00000e+00 -3.12055e+05 -2.00703e+05
6.45000e+02 4.47000e+02 1.00000e+00 0.00000e+00 0.00000e+00 0.00000e+00 -5.35995e+05 -3.71457e+05
0.00000e+00 0.00000e+00 0.00000e+00 6.45000e+02 4.47000e+02 1.00000e+00 -2.88960e+05 -2.00256e+05
5.90000e+02 4.45000e+02 1.00000e+00 0.00000e+00 0.00000e+00 0.00000e+00 -4.56070e+05 -3.43985e+05
0.00000e+00 0.00000e+00 0.00000e+00 5.90000e+02 4.45000e+02 1.00000e+00 -2.63730e+05 -1.98915e+05
5.35000e+02 4.45000e+02 1.00000e+00 0.00000e+00 0.00000e+00 0.00000e+00 -3.83595e+05 -3.19065e+05
0.00000e+00 0.00000e+00 0.00000e+00 5.35000e+02 4.45000e+02 1.00000e+00 -2.38610e+05 -1.98470e+05
5.85000e+02 4.28000e+02 1.00000e+00 0.00000e+00 0.00000e+00 0.00000e+00 -4.49280e+05 -3.28704e+05
0.00000e+00 0.00000e+00 0.00000e+00 5.85000e+02 4.28000e+02 1.00000e+00 -2.51550e+05 -1.84040e+05
8.56000e+02 4.24000e+02 1.00000e+00 0.00000e+00 0.00000e+00 0.00000e+00 -9.06504e+05 -4.49016e+05
0.00000e+00 0.00000e+00 0.00000e+00 8.56000e+02 4.24000e+02 1.00000e+00 -3.62088e+05 -1.79352e+05
8.75000e+02 4.24000e+02 1.00000e+00 0.00000e+00 0.00000e+00 0.00000e+00 -9.45000e+05 -4.57920e+05
0.00000e+00 0.00000e+00 0.00000e+00 8.75000e+02 4.24000e+02 1.00000e+00 -3.70125e+05 -1.79352e+05
8.08000e+02 4.05000e+02 1.00000e+00 0.00000e+00 0.00000e+00 0.00000e+00 -8.12848e+05 -4.07430e+05
0.00000e+00 0.00000e+00 0.00000e+00 8.08000e+02 4.05000e+02 1.00000e+00 -3.26432e+05 -1.63620e+05
5.42000e+02 4.01000e+02 1.00000e+00 0.00000e+00 0.00000e+00 0.00000e+00 -3.92408e+05 -2.90324e+05
0.00000e+00 0.00000e+00 0.00000e+00 5.42000e+02 4.01000e+02 1.00000e+00 -2.18426e+05 -1.61603e+05
6.39000e+02 4.03000e+02 1.00000e+00 0.00000e+00 0.00000e+00 0.00000e+00 -5.26536e+05 -3.32072e+05
0.00000e+00 0.00000e+00 0.00000e+00 6.39000e+02 4.03000e+02 1.00000e+00 -2.57517e+05 -1.62409e+05
5.76000e+02 5.50000e+02 1.00000e+00 0.00000e+00 0.00000e+00 0.00000e+00 -4.37184e+05 -4.17450e+05
0.00000e+00 0.00000e+00 0.00000e+00 5.76000e+02 5.50000e+02 1.00000e+00 -3.18528e+05 -3.04150e+05
5.65000e+02 5.33000e+02 1.00000e+00 0.00000e+00 0.00000e+00 0.00000e+00 -4.22620e+05 -3.98684e+05
0.00000e+00 0.00000e+00 0.00000e+00 5.65000e+02 5.33000e+02 1.00000e+00 -3.02840e+05 -2.85688e+05
8.59000e+02 7.60000e+02 1.00000e+00 0.00000e+00 0.00000e+00 0.00000e+00 -9.10540e+05 -8.05600e+05
0.00000e+00 0.00000e+00 0.00000e+00 8.59000e+02 7.60000e+02 1.00000e+00 -6.68302e+05 -5.91280e+05
5.79000e+02 9.12000e+02 1.00000e+00 0.00000e+00 0.00000e+00 0.00000e+00 -4.46409e+05 -7.03152e+05
0.00000e+00 0.00000e+00 0.00000e+00 5.79000e+02 9.12000e+02 1.00000e+00 -5.26890e+05 -8.29920e+05
3.05000e+02 7.01000e+02 1.00000e+00 0.00000e+00 0.00000e+00 0.00000e+00 -1.52195e+05 -3.49799e+05
0.00000e+00 0.00000e+00 0.00000e+00 3.05000e+02 7.01000e+02 1.00000e+00 -2.11060e+05 -4.85092e+05
3.66000e+02 5.99000e+02 1.00000e+00 0.00000e+00 0.00000e+00 0.00000e+00 -2.03862e+05 -3.33643e+05
0.00000e+00 0.00000e+00 0.00000e+00 3.66000e+02 5.99000e+02 1.00000e+00 -2.17770e+05 -3.56405e+05
3.13000e+02 6.00000e+02 1.00000e+00 0.00000e+00 0.00000e+00 0.00000e+00 -1.59317e+05 -3.05400e+05
0.00000e+00 0.00000e+00 0.00000e+00 3.13000e+02 6.00000e+02 1.00000e+00 -1.86235e+05 -3.57000e+05
6.49000e+02 7.88000e+02 1.00000e+00 0.00000e+00 0.00000e+00 0.00000e+00 -5.41915e+05 -6.57980e+05
0.00000e+00 0.00000e+00 0.00000e+00 6.49000e+02 7.88000e+02 1.00000e+00 -5.15306e+05 -6.25672e+05
6.57000e+02 6.85000e+02 1.00000e+00 0.00000e+00 0.00000e+00 0.00000e+00 -5.54508e+05 -5.78140e+05
0.00000e+00 0.00000e+00 0.00000e+00 6.57000e+02 6.85000e+02 1.00000e+00 -4.53987e+05 -4.73335e+05
6.79000e+02 7.84000e+02 1.00000e+00 0.00000e+00 0.00000e+00 0.00000e+00 -5.87335e+05 -6.78160e+05
0.00000e+00 0.00000e+00 0.00000e+00 6.79000e+02 7.84000e+02 1.00000e+00 -5.37768e+05 -6.20928e+05
3.50000e+01 6.44000e+02 1.00000e+00 0.00000e+00 0.00000e+00 0.00000e+00 -9.20500e+03 -1.69372e+05
0.00000e+00 0.00000e+00 0.00000e+00 3.50000e+01 6.44000e+02 1.00000e+00 -2.20500e+04 -4.05720e+05
2.69000e+02 7.05000e+02 1.00000e+00 0.00000e+00 0.00000e+00 0.00000e+00 -1.25623e+05 -3.29235e+05
0.00000e+00 0.00000e+00 0.00000e+00 2.69000e+02 7.05000e+02 1.00000e+00 -1.86686e+05 -4.89270e+05
6.70000e+02 5.06000e+02 1.00000e+00 0.00000e+00 0.00000e+00 0.00000e+00 -5.73520e+05 -4.33136e+05
0.00000e+00 0.00000e+00 0.00000e+00 6.70000e+02 5.06000e+02 1.00000e+00 -3.40360e+05 -2.57048e+05
6.83000e+02 5.97000e+02 1.00000e+00 0.00000e+00 0.00000e+00 0.00000e+00 -5.94210e+05 -5.19390e+05
0.00000e+00 0.00000e+00 0.00000e+00 6.83000e+02 5.97000e+02 1.00000e+00 -4.11166e+05 -3.59394e+05
7.84000e+02 4.46000e+02 1.00000e+00 0.00000e+00 0.00000e+00 0.00000e+00 -7.67536e+05 -4.36634e+05
0.00000e+00 0.00000e+00 0.00000e+00 7.84000e+02 4.46000e+02 1.00000e+00 -3.50448e+05 -1.99362e+05
