2.89000e+02
5.07000e+02
2.37000e+02
4.69000e+02
4.64000e+02
4.69000e+02
4.37000e+02
5.02000e+02
5.31000e+02
4.55000e+02
6.29000e+02
3.57000e+02
6.12000e+02
3.80000e+02
2.75000e+02
5.36000e+02
2.73000e+02
5.61000e+02
2.71000e+02
5.88000e+02
2.69000e+02
6.13000e+02
2.64000e+02
5.36000e+02
2.49000e+02
5.35000e+02
2.55000e+02
5.12000e+02
2.46000e+02
6.12000e+02
3.71000e+02
6.06000e+02
3.56000e+02
6.95000e+02
3.08000e+02
5.37000e+02
3.04000e+02
5.91000e+02
3.13000e+02
6.22000e+02
6.79000e+02
8.64000e+02
6.57000e+02
8.78000e+02
7.92000e+02
9.01000e+02
8.72000e+02
8.94000e+02
5.60000e+02
4.58000e+02
6.80000e+02
4.63000e+02
6.69000e+02
4.80000e+02
7.05000e+02
4.81000e+02
6.94000e+02
4.64000e+02
7.60000e+02
5.17000e+02
7.48000e+02
4.99000e+02
8.17000e+02
4.65000e+02
8.05000e+02
4.82000e+02
7.92000e+02
5.18000e+02
7.79000e+02
5.00000e+02
8.17000e+02
5.19000e+02
8.05000e+02
5.01000e+02
8.76000e+02
4.84000e+02
8.63000e+02
4.67000e+02
8.75000e+02
5.02000e+02
9.68000e+02
4.39000e+02
9.97000e+02
4.32000e+02
8.84000e+02
4.49000e+02
8.31000e+02
4.48000e+02
7.73000e+02
4.47000e+02
7.17000e+02
4.46000e+02
7.68000e+02
4.30000e+02
1.05900e+03
4.23000e+02
1.08000e+03
4.23000e+02
1.00600e+03
4.04000e+02
7.24000e+02
4.03000e+02
8.24000e+02
4.03000e+02
7.59000e+02
5.53000e+02
7.48000e+02
5.36000e+02
1.06000e+03
7.78000e+02
7.71000e+02
9.10000e+02
4.99000e+02
6.92000e+02
5.57000e+02
5.95000e+02
5.09000e+02
5.95000e+02
8.35000e+02
7.94000e+02
8.44000e+02
6.91000e+02
8.65000e+02
7.92000e+02
2.63000e+02
6.30000e+02
4.67000e+02
6.94000e+02
8.56000e+02
5.08000e+02
8.70000e+02
6.02000e+02
9.79000e+02
4.47000e+02
