9.18000e+02 6.33000e+02 1.00000e+00 0.00000e+00 0.00000e+00 0.00000e+00 -5.25096e+05 -3.62076e+05
0.00000e+00 0.00000e+00 0.00000e+00 9.18000e+02 6.33000e+02 1.00000e+00 -5.54472e+05 -3.82332e+05
9.76000e+02 5.13000e+02 1.00000e+00 0.00000e+00 0.00000e+00 0.00000e+00 -6.16832e+05 -3.24216e+05
0.00000e+00 0.00000e+00 0.00000e+00 9.76000e+02 5.13000e+02 1.00000e+00 -4.81168e+05 -2.52909e+05
1.02600e+03 5.19000e+02 1.00000e+00 0.00000e+00 0.00000e+00 0.00000e+00 -6.92550e+05 -3.50325e+05
0.00000e+00 0.00000e+00 0.00000e+00 1.02600e+03 5.19000e+02 1.00000e+00 -5.10948e+05 -2.58462e+05
1.00400e+03 5.26000e+02 1.00000e+00 0.00000e+00 0.00000e+00 0.00000e+00 -6.58624e+05 -3.45056e+05
0.00000e+00 0.00000e+00 0.00000e+00 1.00400e+03 5.26000e+02 1.00000e+00 -5.06016e+05 -2.65104e+05
1.02800e+03 4.77000e+02 1.00000e+00 0.00000e+00 0.00000e+00 0.00000e+00 -6.96984e+05 -3.23406e+05
0.00000e+00 0.00000e+00 0.00000e+00 1.02800e+03 4.77000e+02 1.00000e+00 -4.71852e+05 -2.18943e+05
1.04600e+03 4.76000e+02 1.00000e+00 0.00000e+00 0.00000e+00 0.00000e+00 -7.25924e+05 -3.30344e+05
0.00000e+00 0.00000e+00 0.00000e+00 1.04600e+03 4.76000e+02 1.00000e+00 -4.80114e+05 -2.18484e+05
9.43000e+02 4.50000e+02 1.00000e+00 0.00000e+00 0.00000e+00 0.00000e+00 -5.69572e+05 -2.71800e+05
0.00000e+00 0.00000e+00 0.00000e+00 9.43000e+02 4.50000e+02 1.00000e+00 -4.07376e+05 -1.94400e+05
9.44000e+02 4.68000e+02 1.00000e+00 0.00000e+00 0.00000e+00 0.00000e+00 -5.70176e+05 -2.82672e+05
0.00000e+00 0.00000e+00 0.00000e+00 9.44000e+02 4.68000e+02 1.00000e+00 -4.21968e+05 -2.09196e+05
1.14600e+03 4.86000e+02 1.00000e+00 0.00000e+00 0.00000e+00 0.00000e+00 -8.90442e+05 -3.77622e+05
0.00000e+00 0.00000e+00 0.00000e+00 1.14600e+03 4.86000e+02 1.00000e+00 -5.38620e+05 -2.28420e+05
1.14700e+03 5.09000e+02 1.00000e+00 0.00000e+00 0.00000e+00 0.00000e+00 -8.90072e+05 -3.94984e+05
0.00000e+00 0.00000e+00 0.00000e+00 1.14700e+03 5.09000e+02 1.00000e+00 -5.62030e+05 -2.49410e+05
1.16100e+03 4.82000e+02 1.00000e+00 0.00000e+00 0.00000e+00 0.00000e+00 -9.16029e+05 -3.80298e+05
0.00000e+00 0.00000e+00 0.00000e+00 1.16100e+03 4.82000e+02 1.00000e+00 -5.42187e+05 -2.25094e+05
1.16300e+03 5.03000e+02 1.00000e+00 0.00000e+00 0.00000e+00 0.00000e+00 -9.18770e+05 -3.97370e+05
0.00000e+00 0.00000e+00 0.00000e+00 1.16300e+03 5.03000e+02 1.00000e+00 -5.65218e+05 -2.44458e+05
1.19700e+03 4.71000e+02 1.00000e+00 0.00000e+00 0.00000e+00 0.00000e+00 -9.77949e+05 -3.84807e+05
0.00000e+00 0.00000e+00 0.00000e+00 1.19700e+03 4.71000e+02 1.00000e+00 -5.47029e+05 -2.15247e+05
1.19900e+03 4.93000e+02 1.00000e+00 0.00000e+00 0.00000e+00 0.00000e+00 -9.80782e+05 -4.03274e+05
0.00000e+00 0.00000e+00 0.00000e+00 1.19900e+03 4.93000e+02 1.00000e+00 -5.73122e+05 -2.35654e+05
1.13500e+03 6.84000e+02 1.00000e+00 0.00000e+00 0.00000e+00 0.00000e+00 -8.66005e+05 -5.21892e+05
0.00000e+00 0.00000e+00 0.00000e+00 1.13500e+03 6.84000e+02 1.00000e+00 -7.34345e+05 -4.42548e+05
1.09800e+03 6.57000e+02 1.00000e+00 0.00000e+00 0.00000e+00 0.00000e+00 -8.04834e+05 -4.81581e+05
0.00000e+00 0.00000e+00 0.00000e+00 1.09800e+03 6.57000e+02 1.00000e+00 -6.85152e+05 -4.09968e+05
7.64000e+02 7.01000e+02 1.00000e+00 0.00000e+00 0.00000e+00 0.00000e+00 -3.23172e+05 -2.96523e+05
0.00000e+00 0.00000e+00 0.00000e+00 7.64000e+02 7.01000e+02 1.00000e+00 -5.17992e+05 -4.75278e+05
8.21000e+02 6.67000e+02 1.00000e+00 0.00000e+00 0.00000e+00 0.00000e+00 -3.95722e+05 -3.21494e+05
0.00000e+00 0.00000e+00 0.00000e+00 8.21000e+02 6.67000e+02 1.00000e+00 -5.26261e+05 -4.27547e+05
8.25000e+02 6.44000e+02 1.00000e+00 0.00000e+00 0.00000e+00 0.00000e+00 -4.00950e+05 -3.12984e+05
0.00000e+00 0.00000e+00 0.00000e+00 8.25000e+02 6.44000e+02 1.00000e+00 -5.09025e+05 -3.97348e+05
7.92000e+02 6.35000e+02 1.00000e+00 0.00000e+00 0.00000e+00 0.00000e+00 -3.58776e+05 -2.87655e+05
0.00000e+00 0.00000e+00 0.00000e+00 7.92000e+02 6.35000e+02 1.00000e+00 -4.83912e+05 -3.87985e+05
7.88000e+02 6.59000e+02 1.00000e+00 0.00000e+00 0.00000e+00 0.00000e+00 -3.53812e+05 -2.95891e+05
0.00000e+00 0.00000e+00 0.00000e+00 7.88000e+02 6.59000e+02 1.00000e+00 -4.99592e+05 -4.17806e+05
1.07600e+03 5.40000e+02 1.00000e+00 0.00000e+00 0.00000e+00 0.00000e+00 -7.72568e+05 -3.87720e+05
0.00000e+00 0.00000e+00 0.00000e+00 1.07600e+03 5.40000e+02 1.00000e+00 -5.56292e+05 -2.79180e+05
1.02800e+03 5.52000e+02 1.00000e+00 0.00000e+00 0.00000e+00 0.00000e+00 -6.93900e+05 -3.72600e+05
0.00000e+00 0.00000e+00 0.00000e+00 1.02800e+03 5.52000e+02 1.00000e+00 -5.42784e+05 -2.91456e+05
1.03000e+03 5.85000e+02 1.00000e+00 0.00000e+00 0.00000e+00 0.00000e+00 -6.96280e+05 -3.95460e+05
0.00000e+00 0.00000e+00 0.00000e+00 1.03000e+03 5.85000e+02 1.00000e+00 -5.74740e+05 -3.26430e+05
7.04000e+02 3.61000e+02 1.00000e+00 0.00000e+00 0.00000e+00 0.00000e+00 -2.59776e+05 -1.33209e+05
0.00000e+00 0.00000e+00 0.00000e+00 7.04000e+02 3.61000e+02 1.00000e+00 -2.30912e+05 -1.18408e+05
8.79000e+02 3.66000e+02 1.00000e+00 0.00000e+00 0.00000e+00 0.00000e+00 -4.80813e+05 -2.00202e+05
0.00000e+00 0.00000e+00 0.00000e+00 8.79000e+02 3.66000e+02 1.00000e+00 -3.04134e+05 -1.26636e+05
5.45000e+02 3.41000e+02 1.00000e+00 0.00000e+00 0.00000e+00 0.00000e+00 -1.02460e+05 -6.41080e+04
0.00000e+00 0.00000e+00 0.00000e+00 5.45000e+02 3.41000e+02 1.00000e+00 -1.60230e+05 -1.00254e+05
5.10000e+02 3.29000e+02 1.00000e+00 0.00000e+00 0.00000e+00 0.00000e+00 -7.49700e+04 -4.83630e+04
0.00000e+00 0.00000e+00 0.00000e+00 5.10000e+02 3.29000e+02 1.00000e+00 -1.41270e+05 -9.11330e+04
6.68000e+02 3.71000e+02 1.00000e+00 0.00000e+00 0.00000e+00 0.00000e+00 -2.20440e+05 -1.22430e+05
0.00000e+00 0.00000e+00 0.00000e+00 6.68000e+02 3.71000e+02 1.00000e+00 -2.24448e+05 -1.24656e+05
6.78000e+02 3.55000e+02 1.00000e+00 0.00000e+00 0.00000e+00 0.00000e+00 -2.31198e+05 -1.21055e+05
0.00000e+00 0.00000e+00 0.00000e+00 6.78000e+02 3.55000e+02 1.00000e+00 -2.16960e+05 -1.13600e+05
6.18000e+02 4.22000e+02 1.00000e+00 0.00000e+00 0.00000e+00 0.00000e+00 -1.68714e+05 -1.15206e+05
0.00000e+00 0.00000e+00 0.00000e+00 6.18000e+02 4.22000e+02 1.00000e+00 -2.38548e+05 -1.62892e+05
5.80000e+02 5.73000e+02 1.00000e+00 0.00000e+00 0.00000e+00 0.00000e+00 -1.29920e+05 -1.28352e+05
0.00000e+00 0.00000e+00 0.00000e+00 5.80000e+02 5.73000e+02 1.00000e+00 -3.19000e+05 -3.15150e+05
7.37000e+02 6.03000e+02 1.00000e+00 0.00000e+00 0.00000e+00 0.00000e+00 -2.93326e+05 -2.39994e+05
0.00000e+00 0.00000e+00 0.00000e+00 7.37000e+02 6.03000e+02 1.00000e+00 -4.25986e+05 -3.48534e+05
6.84000e+02 5.95000e+02 1.00000e+00 0.00000e+00 0.00000e+00 0.00000e+00 -2.33244e+05 -2.02895e+05
0.00000e+00 0.00000e+00 0.00000e+00 6.84000e+02 5.95000e+02 1.00000e+00 -3.91248e+05 -3.40340e+05
5.63000e+02 3.58000e+02 1.00000e+00 0.00000e+00 0.00000e+00 0.00000e+00 -1.17667e+05 -7.48220e+04
0.00000e+00 0.00000e+00 0.00000e+00 5.63000e+02 3.58000e+02 1.00000e+00 -1.76219e+05 -1.12054e+05
