5.72000e+02
6.04000e+02
6.32000e+02
4.93000e+02
6.75000e+02
4.98000e+02
6.56000e+02
5.04000e+02
6.78000e+02
4.59000e+02
6.94000e+02
4.59000e+02
6.04000e+02
4.32000e+02
6.04000e+02
4.47000e+02
7.77000e+02
4.70000e+02
7.76000e+02
4.90000e+02
7.89000e+02
4.67000e+02
7.90000e+02
4.86000e+02
8.17000e+02
4.57000e+02
8.18000e+02
4.78000e+02
7.63000e+02
6.47000e+02
7.33000e+02
6.24000e+02
4.23000e+02
6.78000e+02
4.82000e+02
6.41000e+02
4.86000e+02
6.17000e+02
4.53000e+02
6.11000e+02
4.49000e+02
6.34000e+02
7.18000e+02
5.17000e+02
6.75000e+02
5.28000e+02
6.76000e+02
5.58000e+02
3.69000e+02
3.28000e+02
5.47000e+02
3.46000e+02
1.88000e+02
2.94000e+02
1.47000e+02
2.77000e+02
3.30000e+02
3.36000e+02
3.41000e+02
3.20000e+02
2.73000e+02
3.86000e+02
2.24000e+02
5.50000e+02
3.98000e+02
5.78000e+02
3.41000e+02
5.72000e+02
2.09000e+02
3.13000e+02
