8.71000e+02 4.40000e+02 1.00000e+00 0.00000e+00 0.00000e+00 0.00000e+00 -2.97882e+05 -1.50480e+05
0.00000e+00 0.00000e+00 0.00000e+00 8.71000e+02 4.40000e+02 1.00000e+00 -3.91950e+05 -1.98000e+05
8.70000e+02 4.75000e+02 1.00000e+00 0.00000e+00 0.00000e+00 0.00000e+00 -2.96670e+05 -1.61975e+05
0.00000e+00 0.00000e+00 0.00000e+00 8.70000e+02 4.75000e+02 1.00000e+00 -4.22820e+05 -2.30850e+05
9.95000e+02 4.79000e+02 1.00000e+00 0.00000e+00 0.00000e+00 0.00000e+00 -4.61680e+05 -2.22256e+05
0.00000e+00 0.00000e+00 0.00000e+00 9.95000e+02 4.79000e+02 1.00000e+00 -4.86555e+05 -2.34231e+05
1.19400e+03 8.19000e+02 1.00000e+00 0.00000e+00 0.00000e+00 0.00000e+00 -7.68936e+05 -5.27436e+05
0.00000e+00 0.00000e+00 0.00000e+00 1.19400e+03 8.19000e+02 1.00000e+00 -9.81468e+05 -6.73218e+05
1.25000e+03 8.21000e+02 1.00000e+00 0.00000e+00 0.00000e+00 0.00000e+00 -8.70000e+05 -5.71416e+05
0.00000e+00 0.00000e+00 0.00000e+00 1.25000e+03 8.21000e+02 1.00000e+00 -1.02875e+06 -6.75683e+05
1.16900e+03 8.18000e+02 1.00000e+00 0.00000e+00 0.00000e+00 0.00000e+00 -7.25949e+05 -5.07978e+05
0.00000e+00 0.00000e+00 0.00000e+00 1.16900e+03 8.18000e+02 1.00000e+00 -9.58580e+05 -6.70760e+05
1.22300e+03 8.20000e+02 1.00000e+00 0.00000e+00 0.00000e+00 0.00000e+00 -8.21856e+05 -5.51040e+05
0.00000e+00 0.00000e+00 0.00000e+00 1.22300e+03 8.20000e+02 1.00000e+00 -1.00653e+06 -6.74860e+05
8.49000e+02 4.41000e+02 1.00000e+00 0.00000e+00 0.00000e+00 0.00000e+00 -2.71680e+05 -1.41120e+05
0.00000e+00 0.00000e+00 0.00000e+00 8.49000e+02 4.41000e+02 1.00000e+00 -3.82050e+05 -1.98450e+05
8.49000e+02 4.77000e+02 1.00000e+00 0.00000e+00 0.00000e+00 0.00000e+00 -2.70831e+05 -1.52163e+05
0.00000e+00 0.00000e+00 0.00000e+00 8.49000e+02 4.77000e+02 1.00000e+00 -4.12614e+05 -2.31822e+05
7.00000e+02 4.07000e+02 1.00000e+00 0.00000e+00 0.00000e+00 0.00000e+00 -1.15500e+05 -6.71550e+04
0.00000e+00 0.00000e+00 0.00000e+00 7.00000e+02 4.07000e+02 1.00000e+00 -2.87000e+05 -1.66870e+05
6.55000e+02 3.19000e+02 1.00000e+00 0.00000e+00 0.00000e+00 0.00000e+00 -7.79450e+04 -3.79610e+04
0.00000e+00 0.00000e+00 0.00000e+00 6.55000e+02 3.19000e+02 1.00000e+00 -2.08945e+05 -1.01761e+05
6.46000e+02 3.76000e+02 1.00000e+00 0.00000e+00 0.00000e+00 0.00000e+00 -7.04140e+04 -4.09840e+04
0.00000e+00 0.00000e+00 0.00000e+00 6.46000e+02 3.76000e+02 1.00000e+00 -2.44834e+05 -1.42504e+05
6.32000e+02 4.13000e+02 1.00000e+00 0.00000e+00 0.00000e+00 0.00000e+00 -5.81440e+04 -3.79960e+04
0.00000e+00 0.00000e+00 0.00000e+00 6.32000e+02 4.13000e+02 1.00000e+00 -2.61648e+05 -1.70982e+05
6.28000e+02 4.87000e+02 1.00000e+00 0.00000e+00 0.00000e+00 0.00000e+00 -5.52640e+04 -4.28560e+04
0.00000e+00 0.00000e+00 0.00000e+00 6.28000e+02 4.87000e+02 1.00000e+00 -3.08976e+05 -2.39604e+05
6.27000e+02 5.62000e+02 1.00000e+00 0.00000e+00 0.00000e+00 0.00000e+00 -5.20410e+04 -4.66460e+04
0.00000e+00 0.00000e+00 0.00000e+00 6.27000e+02 5.62000e+02 1.00000e+00 -3.58017e+05 -3.20902e+05
6.24000e+02 6.39000e+02 1.00000e+00 0.00000e+00 0.00000e+00 0.00000e+00 -4.92960e+04 -5.04810e+04
0.00000e+00 0.00000e+00 0.00000e+00 6.24000e+02 6.39000e+02 1.00000e+00 -4.05600e+05 -4.15350e+05
6.95000e+02 5.94000e+02 1.00000e+00 0.00000e+00 0.00000e+00 0.00000e+00 -1.07725e+05 -9.20700e+04
0.00000e+00 0.00000e+00 0.00000e+00 6.95000e+02 5.94000e+02 1.00000e+00 -4.19780e+05 -3.58776e+05
9.64000e+02 5.92000e+02 1.00000e+00 0.00000e+00 0.00000e+00 0.00000e+00 -4.15484e+05 -2.55152e+05
0.00000e+00 0.00000e+00 0.00000e+00 9.64000e+02 5.92000e+02 1.00000e+00 -5.79364e+05 -3.55792e+05
9.16000e+02 5.91000e+02 1.00000e+00 0.00000e+00 0.00000e+00 0.00000e+00 -3.52660e+05 -2.27535e+05
0.00000e+00 0.00000e+00 0.00000e+00 9.16000e+02 5.91000e+02 1.00000e+00 -5.48684e+05 -3.54009e+05
9.99000e+02 8.18000e+02 1.00000e+00 0.00000e+00 0.00000e+00 0.00000e+00 -4.59540e+05 -3.76280e+05
0.00000e+00 0.00000e+00 0.00000e+00 9.99000e+02 8.18000e+02 1.00000e+00 -8.24175e+05 -6.74850e+05
8.14000e+02 8.09000e+02 1.00000e+00 0.00000e+00 0.00000e+00 0.00000e+00 -2.23036e+05 -2.21666e+05
0.00000e+00 0.00000e+00 0.00000e+00 8.14000e+02 8.09000e+02 1.00000e+00 -6.69108e+05 -6.64998e+05
7.72000e+02 8.08000e+02 1.00000e+00 0.00000e+00 0.00000e+00 0.00000e+00 -1.78332e+05 -1.86648e+05
0.00000e+00 0.00000e+00 0.00000e+00 7.72000e+02 8.08000e+02 1.00000e+00 -6.34584e+05 -6.64176e+05
1.17400e+03 5.20000e+02 1.00000e+00 0.00000e+00 0.00000e+00 0.00000e+00 -7.39620e+05 -3.27600e+05
0.00000e+00 0.00000e+00 0.00000e+00 1.17400e+03 5.20000e+02 1.00000e+00 -6.24568e+05 -2.76640e+05
1.17200e+03 5.57000e+02 1.00000e+00 0.00000e+00 0.00000e+00 0.00000e+00 -7.38360e+05 -3.50910e+05
0.00000e+00 0.00000e+00 0.00000e+00 1.17200e+03 5.57000e+02 1.00000e+00 -6.65696e+05 -3.16376e+05
1.25700e+03 3.74000e+02 1.00000e+00 0.00000e+00 0.00000e+00 0.00000e+00 -8.92470e+05 -2.65540e+05
0.00000e+00 0.00000e+00 0.00000e+00 1.25700e+03 3.74000e+02 1.00000e+00 -4.96515e+05 -1.47730e+05
1.00700e+03 3.50000e+02 1.00000e+00 0.00000e+00 0.00000e+00 0.00000e+00 -4.81346e+05 -1.67300e+05
0.00000e+00 0.00000e+00 0.00000e+00 1.00700e+03 3.50000e+02 1.00000e+00 -3.66548e+05 -1.27400e+05
8.89000e+02 3.46000e+02 1.00000e+00 0.00000e+00 0.00000e+00 0.00000e+00 -3.21818e+05 -1.25252e+05
0.00000e+00 0.00000e+00 0.00000e+00 8.89000e+02 3.46000e+02 1.00000e+00 -3.16484e+05 -1.23176e+05
9.62000e+02 7.55000e+02 1.00000e+00 0.00000e+00 0.00000e+00 0.00000e+00 -4.07888e+05 -3.20120e+05
0.00000e+00 0.00000e+00 0.00000e+00 9.62000e+02 7.55000e+02 1.00000e+00 -7.32082e+05 -5.74555e+05
8.66000e+02 7.50000e+02 1.00000e+00 0.00000e+00 0.00000e+00 0.00000e+00 -2.84914e+05 -2.46750e+05
0.00000e+00 0.00000e+00 0.00000e+00 8.66000e+02 7.50000e+02 1.00000e+00 -6.59026e+05 -5.70750e+05
9.41000e+02 7.34000e+02 1.00000e+00 0.00000e+00 0.00000e+00 0.00000e+00 -3.81105e+05 -2.97270e+05
0.00000e+00 0.00000e+00 0.00000e+00 9.41000e+02 7.34000e+02 1.00000e+00 -7.00104e+05 -5.46096e+05
9.77000e+02 7.09000e+02 1.00000e+00 0.00000e+00 0.00000e+00 0.00000e+00 -4.30857e+05 -3.12669e+05
0.00000e+00 0.00000e+00 0.00000e+00 9.77000e+02 7.09000e+02 1.00000e+00 -7.00509e+05 -5.08353e+05
