3.42000e+02
4.50000e+02
3.41000e+02
4.86000e+02
4.64000e+02
4.89000e+02
6.44000e+02
8.22000e+02
6.96000e+02
8.23000e+02
6.21000e+02
8.20000e+02
6.72000e+02
8.23000e+02
3.20000e+02
4.50000e+02
3.19000e+02
4.86000e+02
1.65000e+02
4.10000e+02
1.19000e+02
3.19000e+02
1.09000e+02
3.79000e+02
9.20000e+01
4.14000e+02
8.80000e+01
4.92000e+02
8.30000e+01
5.71000e+02
7.90000e+01
6.50000e+02
1.55000e+02
6.04000e+02
4.31000e+02
6.01000e+02
3.85000e+02
5.99000e+02
4.60000e+02
8.25000e+02
2.74000e+02
8.22000e+02
2.31000e+02
8.22000e+02
6.30000e+02
5.32000e+02
6.30000e+02
5.68000e+02
7.10000e+02
3.95000e+02
4.78000e+02
3.64000e+02
3.62000e+02
3.56000e+02
4.24000e+02
7.61000e+02
3.29000e+02
7.61000e+02
4.05000e+02
7.44000e+02
4.41000e+02
7.17000e+02
